`.Random.seed` <-
c(403L, 330L, -442047550L, 360043205L, 1252099282L, -599177372L, 
1764353878L, -2112312863L, -519871278L, 2079006679L, -280517936L, 
-450648539L, 2011545214L, -536791517L, 539262104L, -1377255235L, 
1636760630L, 1718116532L, -695216290L, -1722646467L, -984836972L, 
335291898L, -269428892L, -2099138862L, 1370539639L, 637026156L, 
2137005351L, -287127412L, 913443140L, -1456427615L, -1715162194L, 
-668278404L, 1279770853L, -447406316L, -4165708L, -185019030L, 
-1131837976L, -1123965523L, -1736037104L, 1505900224L, 2056329202L, 
-1624691061L, -2141747183L, -846086795L, -1241647109L, 1014170676L, 
-807472954L, 1039711673L, -1605388403L, -709199186L, 1494478106L, 
-537923105L, -1539699533L, -1879546703L, 1436204102L, 105505809L, 
269814689L, -1636645203L, 350117472L, -2099338741L, 1521025217L, 
1298519332L, -417687182L, -1990649534L, -1707289215L, -562806852L, 
-1161311814L, 758593179L, 1843707916L, -258269832L, -516437751L, 
-249932808L, -428890234L, -1810005480L, -384511377L, 1394077543L, 
163757045L, -295536673L, -1401256206L, 1519297187L, -1810789733L, 
-1159225819L, -475238820L, 717592843L, -1424001701L, -224446351L, 
876149238L, -278800561L, 238568044L, 2023964511L, -2040248193L, 
971465100L, 1279751584L, 1769901967L, 743254147L, -672690935L, 
771244380L, 1848645713L, -246217077L, 1627220239L, 793208727L, 
-1386448162L, -403908995L, -1247119516L, 1864108999L, 354246831L, 
-1842824196L, -315216130L, -966468017L, -1739317980L, -1269678850L, 
-1096114413L, -1772754871L, 1946046577L, 1732509371L, -973829256L, 
-1223156461L, -691894366L, -1409905898L, 617551786L, -1968934666L, 
-564287313L, -801270947L, 420347870L, 1593257401L, 781188937L, 
515290827L, 222372694L, -1189634756L, 716578637L, -2044299107L, 
1112660771L, -1712614173L, 211537826L, -1620317431L, -1289026949L, 
1375966353L, 1817909366L, -502573737L, -740061978L, -2058839755L, 
-1100787343L, 251165052L, -1046050948L, 1193295117L, -1310404214L, 
-382585347L, 936225894L, -447574116L, -1205853592L, 965151443L, 
290281183L, -1352487438L, -1005527971L, -38816049L, 1846903826L, 
-1739421492L, -701545272L, 688266264L, 872150591L, 1921940686L, 
-442425759L, -406570380L, -579648530L, -1801626689L, -1955132091L, 
806331730L, 1948363519L, 843682399L, 1234268557L, 914618132L, 
1358740187L, -1733500828L, -1602880734L, 696177911L, 1267924083L, 
-730487541L, -114051199L, 891325661L, 1179505332L, -183700277L, 
-896749984L, 1530258545L, -624551268L, 642932865L, -2089781455L, 
-806503419L, 477288814L, 794409417L, 1471538060L, 1959722957L, 
432128504L, -1106803743L, -1955565969L, -1285348302L, -612989024L, 
2132706443L, 135193614L, 680861270L, 1734133080L, 778564712L, 
693629459L, -2100501935L, 1969368981L, -1537369046L, -1920665999L, 
1057363116L, -1032190155L, 1173319057L, 1833687773L, 444482377L, 
1202197754L, 331193646L, -1099727090L, -465495177L, -1971359771L, 
-1587327238L, 1505999202L, -745952215L, -562393870L, -1428689390L, 
-1980485990L, 1605463150L, 2092453324L, -41414379L, -914486561L, 
-427101165L, -1577205451L, 1366440615L, -160874480L, 2103118458L, 
368297336L, -12564926L, 821477652L, 1413585284L, 38005035L, -212318739L, 
-1919683306L, -1447953891L, -428191802L, 813771635L, -2041478377L, 
-1678135235L, 1236590171L, -1704687739L, 148942742L, 1736896155L, 
-1869434433L, 1256643574L, 956987572L, -1433063397L, 888751042L, 
-1044723390L, -963372063L, 652368185L, 968986454L, -1452721097L, 
459346648L, -1507245361L, 699109228L, -729240230L, 2136792696L, 
242583193L, -1618631348L, -616195284L, -1938202834L, 1368113809L, 
-200764187L, -2141471389L, 2004041174L, 1333461876L, -125303870L, 
881490868L, 1654543922L, -199668557L, 1862079438L, 669210641L, 
-2010858139L, -1773447312L, -591692292L, -151006055L, 968952469L, 
2010964161L, -742107519L, 1559712241L, 118449527L, 1708847244L, 
-584403448L, 78886403L, -2138175203L, -1711581015L, -1898152467L, 
-1906888291L, -827685495L, 1192757614L, -1969574784L, 1873720516L, 
-1235055864L, -1024092038L, -604345702L, -1039235658L, -1791460875L, 
240471295L, 296471104L, -114932534L, -1927424626L, -2114404973L, 
-1855577371L, -2093057781L, 525320413L, -1819906155L, -1707594156L, 
-627726605L, -1931336928L, -685165346L, -999086028L, -1390273646L, 
385245837L, -831113348L, 1341589409L, 645253783L, 294366814L, 
-2025974530L, 1455327322L, 634158633L, 1679965278L, 1405285712L, 
403210437L, 2018862992L, -618880207L, 1845255227L, 780065014L, 
2066531541L, 1047498649L, 1319075921L, -403620472L, -921857764L, 
-621841295L, -555864493L, 2037292409L, -1048555797L, 1439274447L, 
244582212L, -1757307001L, 2064041971L, 16553218L, -1855580886L, 
-677590637L, -1386500695L, -1469764857L, 1766074898L, 1019281999L, 
76506163L, -1723598109L, 344532352L, -2020613354L, 1211906136L, 
-1092395286L, -1680734440L, -1224136205L, -348920685L, 1867969387L, 
1959909052L, 1844944251L, 831353198L, 216828691L, 1692612040L, 
-1349792535L, 2037246095L, 1871890103L, -584177057L, -1050457651L, 
-825263915L, 110565576L, -677722507L, -1304174260L, -613067378L, 
1947483069L, -324116023L, -1161044694L, 1942186027L, -703800410L, 
-611774437L, 783632142L, -1069652607L, -1765864810L, 1235766769L, 
346784994L, -1451268174L, 373529519L, -2038134564L, -570193071L, 
-2067268162L, 209091954L, 1170107690L, -383566617L, -1343101551L, 
-512347712L, -61593828L, 2068563452L, -1509221268L, -1707098634L, 
510430880L, 1942681539L, -1992545506L, 755244581L, 1788203393L, 
-471184734L, 468479211L, 682692099L, 1130051886L, 587016722L, 
-910752613L, -558584583L, 905658724L, -1894448334L, 726287464L, 
853448442L, 1595757641L, 194221689L, 1978819122L, 407428803L, 
1030802274L, 1792043665L, -2105470994L, 1461065361L, 457040657L, 
-697077794L, 904379222L, 1318516389L, -1628741808L, -1859917641L, 
1154684862L, 975193192L, 967607157L, 141035880L, 1922683999L, 
-1652684875L, -1373320660L, 644226200L, 1254255802L, 1924423613L, 
-291155079L, 1294187491L, -584565067L, 1782914951L, -1893804567L, 
1090496241L, -965299991L, 910091392L, -1735534706L, 410403130L, 
-350244554L, 439355796L, -1989914828L, -353880709L, -742680391L, 
-464121488L, -1675043552L, 135160611L, -19912004L, 245688714L, 
549905802L, 1943528095L, -468294370L, 649058110L, 1277789983L, 
-947093446L, 1325676933L, 1887837610L, -1169422048L, 116294061L, 
-1130446467L, 1063684443L, 857288802L, 1181634165L, -561722069L, 
609643766L, -339912362L, 618946272L, -265419769L, 99151940L, 
-1251128387L, -1385428016L, -1480143983L, -368259331L, -722105541L, 
1935259502L, -548040248L, 1807767742L, -2097592403L, -2122189147L, 
562631920L, 379876061L, -645039754L, 1289059280L, -583539708L, 
1269339122L, 216701409L, -160875869L, 209809992L, -1693756821L, 
515978565L, 872893319L, -1055026302L, -1528893991L, -1514594130L, 
-681036445L, 2081143634L, -1428525905L, -809618759L, 1061335242L, 
-1870407232L, -1050734832L, -675770276L, -641651056L, 84467804L, 
-893612480L, 1714808267L, -1918144461L, 421638333L, -1219169583L, 
-2030210789L, 1871018258L, 1720032664L, -1096904223L, -1920765420L, 
-1247109310L, 439761748L, -492009513L, 1981616378L, 910793322L, 
-2031183729L, 1253305164L, 520371133L, -185281538L, -1037633696L, 
502306833L, -1655816109L, -1922532504L, 203074838L, -7037060L, 
-315950120L, 875504589L, 646494018L, -1513202306L, -1704640184L, 
-1819763434L, 781209774L, -1705082029L, -967306648L, 529969398L, 
2126095351L, 1114416821L, -1044059977L, -790318397L, -1062666395L, 
1728205315L, 1985323746L, 306220066L, -409951062L, 1343416069L, 
656602729L, 695983563L, 171366661L, 1951701393L, -1855331894L, 
563503660L, 2021873668L, -1143629547L, -769122067L, -1783381791L, 
-1148944411L, -178138590L, 36126814L, 228631977L, 165397443L, 
-798242596L, 2079449857L, -1166871443L, -830628598L, -1095745375L, 
-502566124L, -1644588491L, -127924228L, 2115868546L, -2144783954L, 
1435207717L, 502713626L, -536737060L, 1629526427L, 1789342399L, 
-710419236L, -1516253953L, 2063680763L, -2144586547L, 590962006L, 
-38565308L, 520580245L, 786724158L, -875833340L, -2142833252L, 
